1.0 0.0 0.0 
0.0 0.0 1.0 
0.0 1.0 0.0 
0.333591 0.333786 0.332623 
6.15923E-4 0.335258 0.664126 
0.66546 0.334442 9.75405E-5 
0.331702 0.666899 0.00139916 
0.33657 6.97701E-4 0.662733 
0.667436 0.00203624 0.330528 
0.00456961 0.663651 0.331779 
0.114132 0.113949 0.771919 
0.778798 0.113134 0.108068 
0.444254 0.445714 0.110032 
0.446285 0.112982 0.440732 
0.554932 0.224594 0.220473 
0.111741 0.776417 0.111842 
0.111585 0.444131 0.444284 
0.224945 0.222542 0.552513 
0.223836 0.554692 0.221472 
0.00163233 0.116782 0.881586 
0.667724 0.113283 0.218993 
0.45046 5.66559E-5 0.549483 
1.13679E-4 0.554384 0.445503 
0.00255057 0.888029 0.10942 
0.443807 0.334282 0.221911 
0.221597 0.445475 0.332928 
0.335585 0.112481 0.551934 
0.108663 0.00354146 0.887795 
1.8771E-4 0.776001 0.223812 
0.222563 0.665449 0.111988 
0.222042 0.00225006 0.775708 
0.114436 0.331699 0.553864 
0.44375 0.22399 0.33226 
0.222743 0.335175 0.442082 
0.333908 0.445477 0.220615 
0.333006 0.555576 0.111418 
0.44247 0.556164 0.00136611 
0.778949 0.00350371 0.217548 
0.222679 0.776865 4.55161E-4 
0.554274 0.444502 0.00122457 
0.664384 0.225825 0.109791 
0.332977 0.224589 0.442434 
0.114367 0.663772 0.221861 
0.554193 0.115096 0.330711 
0.22455 0.113795 0.661654 
0.553601 0.334045 0.112354 
1.58201E-4 0.445585 0.554257 
0.112276 0.223521 0.664203 
0.557272 0.00334159 0.439386 
0.111395 0.553574 0.335032 
0.776913 0.222261 8.25296E-4 
0.00382211 0.223852 0.772326 
0.886352 0.00474 0.108908 
0.108749 0.890462 7.88776E-4 
0.883065 0.113656 0.00327931 
0.375436 0.037105 0.587459 
0.261764 0.0383943 0.699842 
0.296239 0.408671 0.295089 
0.0341 0.0427176 0.923182 
0.149795 0.589639 0.260566 
0.0404399 0.370838 0.588722 
0.0374139 0.814174 0.148413 
0.408082 0.408033 0.183885 
0.37012 0.371071 0.258809 
0.0406966 0.701758 0.257546 
0.590818 0.370835 0.0383478 
0.14823 0.0375051 0.814265 
0.149164 0.815634 0.035202 
0.629174 0.0783457 0.29248 
0.188403 0.296071 0.515526 
0.703906 0.152453 0.143641 
0.409732 0.0761791 0.514088 
0.517543 0.407276 0.0751803 
0.371183 0.151441 0.477376 
0.40726 0.297664 0.295076 
0.149148 0.370982 0.47987 
0.702559 0.0400264 0.257415 
0.51768 0.188203 0.294118 
0.298111 0.186165 0.515723 
0.151875 0.257905 0.590219 
0.480412 0.483126 0.0364623 
0.369937 0.482464 0.147599 
0.296911 0.518734 0.184355 
0.259876 0.370972 0.369152 
0.369669 0.260923 0.369408 
0.0741956 0.517995 0.40781 
0.369036 0.594129 0.0368347 
0.300986 0.0734482 0.625566 
0.594736 0.0392882 0.365976 
0.187932 0.0777149 0.734353 
0.184561 0.409824 0.405615 
0.627601 0.189935 0.182464 
0.0785808 0.737022 0.184397 
0.406065 0.519925 0.0740096 
0.479931 0.261662 0.258407 
0.25888 0.482107 0.259013 
0.256687 0.704351 0.038962 
0.408153 0.187098 0.404749 
0.25904 0.592966 0.147994 
0.0750042 0.850319 0.0746771 
0.294955 0.629563 0.075482 
0.517807 0.297452 0.184741 
0.481269 0.370912 0.147819 
0.592947 0.152295 0.254758 
0.518545 0.0778542 0.403601 
0.260705 0.263041 0.476254 
0.0769077 0.406667 0.516425 
0.740342 0.0755005 0.184158 
0.186544 0.185873 0.627583 
0.0726132 0.296904 0.630483 
0.922517 0.0417289 0.0357542 
0.481545 0.149865 0.36859 
0.0405082 0.151858 0.807634 
0.702284 0.259884 0.0378323 
0.0368845 0.480787 0.482329 
0.184742 0.517318 0.29794 
0.183527 0.741379 0.0750945 
0.148042 0.481593 0.370366 
0.5905 0.262562 0.146937 
0.260054 0.151067 0.588879 
0.185613 0.630914 0.183473 
0.485971 0.0386114 0.475417 
0.0398653 0.592356 0.367779 
0.29849 0.296208 0.405302 
0.0760578 0.0809568 0.842985 
0.625067 0.30001 0.0749231 
0.0389415 0.259334 0.701725 
0.741876 0.186813 0.0713108 
0.815875 0.0403396 0.143786 
0.0356705 0.925327 0.0390028 
0.0747822 0.628641 0.296577 
0.154302 0.147735 0.697963 
0.152653 0.702084 0.145262 
0.0812085 0.184824 0.733968 
0.85076 0.0750197 0.07422 
0.809909 0.153176 0.0369154 
0.0427211 3.94846E-4 0.956884 
0.00123948 0.592789 0.405972 
2.54435E-4 0.15644 0.843306 
0.0386223 0.77517 0.186208 
0.738832 8.80439E-4 0.260287 
0.186006 0.592432 0.221561 
0.819828 0.0010987 0.179073 
0.112039 0.261963 0.625998 
0.374047 4.62987E-4 0.62549 
0.264374 0.11144 0.624186 
0.591304 0.115837 0.292859 
0.630887 0.150971 0.218143 
0.299282 8.07737E-4 0.69991 
0.0771417 0.331824 0.591034 
0.370883 0.408061 0.221057 
0.112586 0.627512 0.259903 
0.00120518 0.706937 0.291858 
0.40829 0.114265 0.477445 
0.260338 0.226085 0.513577 
0.296692 0.445549 0.257758 
0.187515 0.553233 0.259252 
0.516543 0.445186 0.0382715 
0.705051 0.113997 0.180951 
0.261439 0.00156709 0.736994 
0.370553 0.223365 0.406083 
0.186426 0.33395 0.479623 
0.447527 0.0743471 0.478126 
0.152203 0.0722547 0.775543 
9.92441E-6 0.402511 0.597479 
0.333004 0.371679 0.295317 
0.0370885 0.961392 0.00151979 
0.480877 0.334087 0.185036 
0.0743139 0.444669 0.481017 
0.258974 0.409339 0.331687 
0.664938 0.188815 0.146246 
0.406486 0.483002 0.110512 
0.224507 0.039655 0.735838 
0.219842 0.703375 0.0767834 
0.149433 0.222396 0.628171 
0.25988 0.73923 8.898E-4 
0.222599 0.372434 0.404968 
0.407016 0.224348 0.368636 
0.147306 0.778315 0.0743787 
0.517423 0.261102 0.221475 
0.33176 0.629887 0.0383526 
0.0374535 0.518456 0.444091 
0.408261 0.444697 0.147041 
0.332773 0.408614 0.258613 
0.295933 0.334041 0.370026 
0.627399 0.261792 0.110809 
0.258654 0.666228 0.0751181 
0.0368768 0.409343 0.55378 
0.661798 0.299504 0.0386985 
0.370732 0.29685 0.332418 
0.374309 0.0741224 0.551569 
0.555118 0.152794 0.292089 
0.62955 0.114617 0.255833 
0.0743764 0.0418344 0.883789 
0.553569 0.408106 0.0383249 
0.482391 0.186018 0.331591 
0.2959 0.556968 0.147132 
0.297145 0.370575 0.33228 
0.33416 0.18721 0.47863 
0.368141 0.557949 0.0739098 
0.479255 0.520212 5.32151E-4 
0.480859 0.407914 0.111227 
0.444351 0.150593 0.405056 
0.0373856 0.55624 0.406374 
0.260624 0.332084 0.407292 
0.556711 0.0738313 0.369458 
0.370865 0.445696 0.183439 
0.113479 0.589672 0.29685 
0.370622 0.333593 0.295786 
0.444461 0.260087 0.295452 
0.112865 0.368741 0.518394 
0.407462 0.334413 0.258125 
0.702255 0.191423 0.106323 
0.259437 0.555963 0.1846 
0.00308063 0.628174 0.368746 
0.222466 0.482449 0.295086 
0.335955 0.148532 0.515514 
0.481129 0.224116 0.294755 
0.296635 0.150359 0.553007 
0.443423 0.297799 0.258778 
0.296989 0.482467 0.220544 
0.222185 0.594256 0.183558 
0.443027 0.484516 0.0724575 
0.0421719 0.190257 0.767571 
0.0729798 0.889602 0.037418 
0.153414 0.293314 0.553272 
0.035966 0.336903 0.627131 
0.59062 0.0791283 0.330252 
0.601931 5.01211E-5 0.398018 
0.258541 0.445725 0.295734 
0.0395967 0.738523 0.221881 
0.554254 0.261096 0.18465 
0.00122794 0.850303 0.148469 
0.00299793 0.297969 0.699034 
0.0732296 0.481341 0.445429 
0.406627 0.371545 0.221828 
0.148348 0.408678 0.442974 
0.149855 0.333067 0.517078 
0.410556 7.78112E-5 0.589367 
0.112941 0.479674 0.407385 
0.445256 0.370754 0.18399 
0.293309 0.668895 0.037796 
0.111205 0.517628 0.371167 
0.740532 0.151473 0.107996 
0.626495 0.371533 0.00197247 
0.258536 0.629233 0.112231 
0.451459 0.0357702 0.512771 
0.0399796 0.666118 0.293902 
0.51821 0.114017 0.367773 
0.183746 0.777393 0.0388614 
0.37286 0.113185 0.513955 
0.960518 0.0372387 0.00224298 
0.369406 0.520088 0.110507 
0.518413 0.3707 0.110887 
0.666159 0.0761568 0.257684 
0.113288 0.0784433 0.808269 
0.187796 0.221157 0.591047 
0.443533 0.188127 0.36834 
0.148053 0.552378 0.29957 
0.185968 0.370063 0.44397 
0.00152314 0.517127 0.481349 
0.668555 0.149179 0.182267 
0.0390254 0.0827316 0.878243 
0.112982 0.851113 0.0359051 
0.184078 0.445967 0.369955 
0.629964 0.0403828 0.329654 
0.150069 8.39432E-4 0.849092 
0.406979 0.261557 0.331465 
0.404601 0.556534 0.0388648 
0.338721 0.0718455 0.589434 
0.260437 0.517384 0.222179 
0.14902 0.185822 0.665158 
0.265095 0.0737767 0.661128 
0.332062 0.519851 0.148088 
0.222972 0.409086 0.367942 
0.556808 0.187976 0.255216 
0.781428 0.0379332 0.180639 
0.333835 0.259852 0.406313 
0.333586 0.298094 0.36832 
0.113067 0.406268 0.480664 
0.115055 0.702172 0.182773 
0.0751123 0.258308 0.66658 
0.52104 0.0410069 0.437953 
0.591738 0.225397 0.182865 
0.077062 0.149963 0.772975 
0.411264 0.0397964 0.54894 
0.774784 0.0777613 0.147455 
0.185537 0.480832 0.333631 
0.261139 0.187541 0.551319 
0.4815 0.113756 0.404744 
0.22381 0.297157 0.479034 
0.740906 0.222848 0.0362466 
0.296281 0.225301 0.478418 
0.592481 0.188076 0.219443 
0.516811 0.481359 0.00183014 
0.516943 0.33551 0.147547 
0.817718 0.112585 0.0696973 
0.445383 0.406204 0.148413 
0.22435 0.151459 0.624191 
0.478666 0.448526 0.072808 
