0.476441567089979 0.408221092005413 0.115337340904613
0.256708328739211 0.294396497827493 0.448895173433281
0.266124397793656 0.473868876700122 0.260006725506213
0.473564565156583 0.26408579279218 0.262349642051237
0.430042235580909 0.476538494942548 0.0934192694765452
0.231291989066343 0.465232504687712 0.303475506245941
0.293191182872391 0.25778315551275 0.449025661614856
0.198275671560046 0.437434526856224 0.364289801583728
0.201088663638337 0.379562933988101 0.41934840237356
0.328918689426346 0.229203528299993 0.441877782273666
0.342974320678099 0.477442040178688 0.17958363914321
0.476712710743913 0.438215337525942 0.0850719517301428
0.244125496682996 0.309221788837995 0.446652714479014
0.42697830010083 0.194779859306101 0.378241840593072
0.217656365959071 0.458438914800232 0.323904719240699
0.477110097491621 0.365226748668198 0.157663153840175
0.389252460714427 0.197765949369866 0.41298158991571
0.469887349407419 0.245824677749841 0.284287972842742
0.315713217137943 0.47736498182666 0.206921801035397
0.361243172033181 0.477182572787186 0.161574255179639
0.451349110995382 0.208440524689366 0.340210364315252
0.477355672700007 0.350382802573954 0.172261524726042
0.476830448141307 0.298967238826062 0.224202313032631
0.217129398167354 0.34737171149435 0.435498890338292
0.476591658598114 0.393971281672877 0.129437059729014
0.20586644390031 0.448723658131658 0.345409897968035
0.477456267920171 0.322199264973898 0.200344467105937
0.193662643127141 0.418274215266005 0.388063141606856
0.462274734689224 0.224569595450395 0.313155669860383
0.375724293694293 0.4769099277414 0.147365778564307
0.313904759271065 0.240392424142788 0.445702816586156
0.412139755979028 0.476425123809801 0.111435120211168
0.464563581648157 0.477494901883221 0.0579415164686199
0.477463413919807 0.340471866479543 0.182064719600654
0.414072846384276 0.193585860084727 0.392341293530998
0.248108544248295 0.470457213385237 0.281434242366462
0.363905578867999 0.208017045852507 0.428077375279497
0.435196086203368 0.476638719592156 0.0881651942044743
0.278602576374305 0.271437398929912 0.449960024695784
0.474292847407239 0.269183468811121 0.256523683781639
0.397692202310318 0.47654095268261 0.125766845007075
0.19404514361634 0.406894150071586 0.399060706312074
0.444586914253905 0.202503022473378 0.352910063272716
0.285291027667301 0.475974796106057 0.238734176226647
0.304292066746187 0.477053573766816 0.218654359486999
0.340423384516916 0.22145127330981 0.43812534217327
0.477446655856296 0.459937531187512 0.0626158129561924
0.247328754499405 0.305314227453245 0.447357018047349
0.436600642753161 0.197891988720278 0.365507368526562
0.224034641718912 0.462010219550736 0.313955138730352
0.332166697006796 0.477499630450096 0.190333672543109
0.405138037097783 0.476462961365846 0.118399001536371
0.477174659183309 0.469712495424411 0.0531128453922807
0.424437200372308 0.476465839206045 0.0990969604216454
0.476431862936138 0.419660186623434 0.103907950440433
0.379440893078424 0.201135513970541 0.419423592951038
0.476994727806062 0.302754667601191 0.220250604592736
0.386145186912561 0.476717430133774 0.13713738295366
0.276622499646165 0.475175612431246 0.248201887922593
0.231831864033652 0.325243318943793 0.442924817022559
0.265740694649718 0.284532699147728 0.449726606202554
0.402460601582205 0.194659314057254 0.402880084360542
0.336471691258714 0.477487999140043 0.186040309601234
0.446152610153868 0.476958359615145 0.0768890302309854
0.476707293086667 0.386730766880045 0.136561940033291
0.476437574732761 0.291803170978531 0.231759254288702
0.476993034640916 0.447129183906905 0.0758777814521776
0.252565942917067 0.471469086097746 0.275964970985186
0.224383387045929 0.335943022789286 0.439673590164781
0.359984734181101 0.210021263472648 0.429994002346254
0.194556580312685 0.425864215410397 0.379579204276919
0.379898007851502 0.476830721744149 0.143271270404345
0.20837527208397 0.363189934372428 0.428434793543596
0.392139387425752 0.196937435845215 0.410923176729036
0.468605421949631 0.241171614690741 0.290222963359632
0.31191539974306 0.241964176913206 0.446120423343735
0.476491978914765 0.426801018872736 0.0967070022124972
0.236835601757166 0.467245832648916 0.295918565593916
0.471927460604449 0.25478475736756 0.273287782027977
0.463345426382835 0.22683786399054 0.309816709626629
0.476043009520471 0.286160949156513 0.237796041323021
0.476814458627899 0.380769144109769 0.142416397262333
0.242213915365615 0.468907625185638 0.28887845944874
0.473751166278772 0.475937917980354 0.0503109157408748
0.477499211339128 0.330138074512418 0.192362714148453
0.198415092828505 0.387158042246356 0.414426864925136
0.237871310793661 0.317152187375736 0.444976501830603
0.36584030566124 0.477098663355014 0.157061030983744
0.407357914360847 0.193994595514992 0.398647490124156
0.37367654126439 0.47694925103586 0.14937420769975
0.477315365352243 0.313259322498548 0.209425312149219
0.270410467924887 0.279655920498045 0.449933611577063
0.465689097184149 0.232470173602459 0.301840729213397
0.293948884874959 0.476567234863284 0.229483880261765
0.458993055976211 0.47742121072426 0.0635857332995283
0.445821870315883 0.203426980394627 0.350751149289488
0.302436744558652 0.476982013047746 0.220581242393612
0.303073747669854 0.249201775732139 0.447724476598016
0.454895351188816 0.212578295881065 0.33252635293012
0.322229066780205 0.23404131660532 0.443729616614479
0.195672416187648 0.397237948351131 0.407089635461219
0.201479199271762 0.443109701859836 0.355411098868403
0.385310504292373 0.199020290723138 0.415669204984492
0.476928487438294 0.374756785090366 0.148314727471346
0.397730574066148 0.195564192724689 0.406705233209167
0.393027462576445 0.476605561425832 0.130366975997715
0.214173462941184 0.352408876324025 0.43341766073479
0.46781828925803 0.238595082980877 0.293586627761096
0.260265203416667 0.290441270982111 0.449293525601232
0.47749629480004 0.334149800747695 0.188353904452269
0.458197889152574 0.217275870177463 0.324526240669967
0.310664277637435 0.477253110157223 0.212082612205341
0.234051435326904 0.322215370112124 0.443733194560967
0.350957742085039 0.477347726444068 0.171694531470881
0.339273862096317 0.222192868551145 0.438533269352542
0.477258970616915 0.356777308584284 0.165963720798798
0.422463316055765 0.194026558205688 0.383510125738548
0.472609401526439 0.258366064426134 0.269024534047427
0.321149687303625 0.234844214970847 0.444006097725532
0.196581348299678 0.393473699547702 0.409944952152624
0.211509733980404 0.454045849288206 0.334444416731391
0.477191691062396 0.360727364366694 0.162080944570901
0.197154045730216 0.434857231422266 0.367988722847521
0.261032047428171 0.473074066687979 0.265893885883865
0.416476741956355 0.476422444970665 0.107100813072983
0.47732470682073 0.352560931047692 0.170114362131574
0.477219504440449 0.309420459958095 0.213360035601461
0.349414619983118 0.215912307979081 0.434673072037801
0.47748069752793 0.325196500363345 0.197322802108719
0.453637753812111 0.477236789744596 0.069125456443295
0.476559126113814 0.431255377667415 0.0921854962187689
0.32576075674037 0.477484158880237 0.196755084379393
0.477231951229608 0.453509450702482 0.069258598067908
0.196149578012819 0.432087914762858 0.371762507224329
0.354810181609861 0.212818485528496 0.432371332861641
0.476429859988763 0.410654049231932 0.112916090779298
0.402314090832847 0.476488446120847 0.121197463046309
0.440643148729616 0.199953037997441 0.359403813272945
0.355166308487192 0.477284918835016 0.167548772677801
0.297129360353717 0.254300564322543 0.448570075323748
0.418721964239985 0.47642804933413 0.104849986425883
0.193733635859988 0.410398273620042 0.39586809051997
0.476786567418579 0.440856323073618 0.0823571095078071
0.476516987877772 0.399666828955731 0.123816183166496
0.417806867854294 0.193640227459778 0.388552904685928
0.286577580313044 0.26382341444126 0.449599005245696
0.215150298171288 0.456783235102261 0.328066466726457
0.202569159349228 0.444678484396454 0.352752356254318
0.475342933285014 0.278246636130423 0.246410430584566
0.404409882311043 0.194360122824952 0.401229994864001
0.476654804405526 0.389868284529657 0.133476911064815
0.199017642151793 0.385318268049354 0.415664089798851
0.202669232344043 0.37560282784628 0.421727939809682
0.28335386791972 0.475815467013946 0.240830665066346
0.249800577452054 0.302364087813807 0.447835334734134
0.223136805988353 0.337826910733179 0.439036283278473
0.374798740427961 0.203004915678354 0.422196343893688
0.307970598023755 0.477177151668137 0.214852250308108
0.477440662228977 0.466646700327297 0.0559126374437249
0.344972685730342 0.21859010566201 0.436437208607648
0.205224087104648 0.369747268982413 0.425028643912942
0.467458564750085 0.477397338523959 0.0551440967259548
0.232862131625444 0.465837441803928 0.301300426570625
0.335809232246304 0.224472776249239 0.439717991504459
0.474998575574041 0.274988857639047 0.250012566786911
0.297755326349939 0.476771805998453 0.225472867651603
0.438616559262275 0.198855600082831 0.36252784065489
0.32110772822169 0.477444721018344 0.201447550759965
0.476881400628369 0.37721713818204 0.145901461189599
0.227524327391601 0.463654079013851 0.308821593594548
0.301506778506086 0.476943695414653 0.221549526079259
0.477003412265729 0.370859071021676 0.152137516712596
0.477132729568711 0.306565124471469 0.216302145959823
0.477478166957572 0.338322223469733 0.184199609572686
0.218320074429892 0.345411913244642 0.43626801232546
0.477093463028227 0.449856543392787 0.0730499935789886
0.476543959817146 0.430374874189982 0.0930811659928696
0.476899004312844 0.444421253205872 0.0786797424812824
0.228994196115021 0.329215699608607 0.44179010427637
0.466327671483588 0.234192251447702 0.299480077068714
0.194496374091272 0.403486751615494 0.402016874293234
0.28935369089499 0.261258364074571 0.449387945030429
0.477444998413231 0.342655220231909 0.179899781354856
0.239182720543424 0.468003074998048 0.292814204458526
0.477499646273784 0.332128409240924 0.190371944485292
0.341098645879606 0.477458478279934 0.181442875840463
0.476648073348102 0.435605117024797 0.0877468096271026
0.281241185196144 0.268877240135194 0.449881574668668
0.363054270069077 0.477150038085545 0.159795691845383
0.35859371761821 0.477228632923289 0.164177649458497
0.292034840183007 0.476452074891702 0.231513084925292
0.47743384519705 0.320191307794526 0.202374847008424
0.450219559135304 0.477107130083345 0.072673310781352
0.270233442884324 0.474429759890145 0.255336797225531
0.201862715159649 0.377585175266156 0.420552109574191
0.342709338383285 0.219998775627004 0.437291885989719
0.39959925764691 0.195177331421432 0.405223410931661
0.323414028830776 0.477467459521472 0.199118511647753
0.221427146697313 0.460648513574726 0.31792433972796
0.268538799609574 0.281593203483684 0.449867996906752
0.428667506309891 0.195167968428819 0.376164525261294
0.477308627804193 0.353636158552816 0.169055213642994
0.284322627803816 0.475896443206163 0.239780928990021
0.476958799402867 0.373180122745461 0.149861077851681
0.193589152513871 0.413874810505343 0.392536036980782
0.475175645014323 0.276622480904465 0.248201874081211
0.43249910896481 0.196286346640036 0.371214544395149
0.294903586899506 0.47662152419119 0.228474888909301
0.46034030999562 0.220869038837104 0.318790651167287
0.194856530773925 0.401310792872168 0.403832676353906
0.234449876653124 0.466420433129997 0.299129690216879
0.476436220647458 0.420528410560124 0.103035368792418
0.274112311990557 0.275890493405729 0.449997194603708
0.448143816550352 0.205347065562556 0.346509117887096
0.475787972675782 0.283031686375477 0.241180340948738
0.196116436336531 0.395324701446799 0.408558862216667
0.369686392468176 0.477025872381115 0.153287735150709
0.477489141117513 0.336212277421502 0.186298581460993
0.476592836249763 0.294394450748706 0.229012713001527
0.477332583935145 0.456251748011405 0.0664156680534486
0.211374112335974 0.357442831257253 0.431183056406772
0.220707607982494 0.341587786858254 0.437704605159255
0.442184211019353 0.476826797946918 0.0809889910337273
0.338295250537653 0.477478339567441 0.184226409894913
0.256181549547224 0.472201644665497 0.271616805787276
0.307001686547799 0.245935565664999 0.447062747787195
0.406097346494966 0.476455558041163 0.117447095463876
0.3266571217787 0.230812279792722 0.442530598428587
0.476421994970612 0.413859810221692 0.109718194807696
0.477499552085394 0.463711367943234 0.058789079971371
0.302087058564858 0.250035038609163 0.44787790282598
0.367626277410149 0.206210757549047 0.426162965040799
0.226308208066935 0.333090647010129 0.440601144922932
0.422145140444282 0.476446473954066 0.101408385601653
0.476779250367828 0.382679988469136 0.140540761163034
0.477018286817705 0.370082954557887 0.152898758624409
0.453395713215514 0.210726436651991 0.335877850132497
0.455870378009312 0.213871164142304 0.330258457848385
0.476848551178787 0.378949540669826 0.144201908151392
0.477340417950797 0.351475401145774 0.171184180903434
0.208250879252081 0.451168340561043 0.340580780186877
0.455397466953978 0.477302040049584 0.0673004929964407
0.476724926708697 0.471865957700121 0.0514091155911822
0.431775246006362 0.196048391954415 0.372176362039218
0.200354452633758 0.381517706316826 0.418127841049414
0.279488254077137 0.475465086441234 0.245046659481623
0.19412377677897 0.423207736817332 0.382668486403705
0.314907986977042 0.477349675967234 0.207742337055722
0.262070053272819 0.288470139532451 0.449459807194723
0.253207020676882 0.298385885877137 0.448407093445985
0.471262859680356 0.251610819231758 0.277126321087889
0.3677450767651 0.477062822127784 0.155192101107112
0.268535448455324 0.474206178802356 0.257258372742314
0.471545484431385 0.476814138626383 0.0516403769422312
0.199177557148311 0.439237666193853 0.361584776657838
0.461139035880583 0.222339557858083 0.316521406261329
0.416875468581186 0.193606372070262 0.389518159348545
0.279484518050202 0.270577102992066 0.449938378957743
0.443304854583584 0.201609745574643 0.355085399841775
0.434214531159319 0.476617099129487 0.0891683697111954
0.456287110762905 0.477333828727768 0.0663790605093275
0.476689485395322 0.387774023307098 0.135536491297576
0.477270104958206 0.311331441628159 0.211398453413635
0.283884062625766 0.266353790264217 0.449762147110023
0.209823986745061 0.452615789647869 0.337560223607074
0.346631903402526 0.47740338381963 0.175964712777842
0.476423525231128 0.417121490128826 0.106454984640043
0.472886832236193 0.2599335619458 0.267179605818001
0.213295759677265 0.455443323349482 0.331260916973254
0.20373580032524 0.446216430067029 0.350047769607729
0.195084376792084 0.428325527680637 0.376590095527272
0.476471380088465 0.424991745722486 0.0985368741890462
0.241765849484302 0.312164982542504 0.446069167973187
0.207263026216298 0.450195575139137 0.342541398644568
0.360986347591526 0.209499652121276 0.429514000287199
0.469294173535216 0.243594550677543 0.287111275787228
0.228256579951978 0.4639758158706 0.30776760417742
0.476761345579698 0.383667232885727 0.139571421534582
0.476424809766401 0.412257486529071 0.111317703704532
0.223756941699356 0.336886004505361 0.439357053795282
0.23709943473459 0.318161025788817 0.444739539476598
0.263867847421083 0.473531010367055 0.262601142211862
0.427834145579773 0.476505466309157 0.0956603881110694
0.204356681814867 0.371671644957042 0.423971673228087
0.476628466940907 0.434737837924087 0.0886336951350096
0.435931134748228 0.197598501268485 0.366470363983284
0.476873915547365 0.299908145528966 0.223217938923672
0.474713656214718 0.272521245911341 0.25276509787394
0.437979692819945 0.47670653326697 0.085313773913085
0.347209195959786 0.217227324752389 0.435563479287829
0.351593607351491 0.214641586071823 0.433764806576686
0.439967737715575 0.199572285240382 0.360459977044041
0.215939123384054 0.349369078550121 0.434691798065825
0.239951346628885 0.468240004771917 0.291808648599193
0.305217368444497 0.477086912485412 0.217695719070088
0.240983552918251 0.313153470561236 0.445862976520502
0.272272141858201 0.277751425856286 0.449976432285513
0.254949442677438 0.296388337294013 0.448662220028549
0.425209529261148 0.194437164779074 0.380353305959774
0.220108740770828 0.342534454936496 0.437356804292668
0.465518072879196 0.477478719450144 0.0570032076706614
0.35691145951376 0.211662144482888 0.431426396003351
0.476915800252865 0.300854000519157 0.222230199227987
0.193589207537385 0.416118608045049 0.390292184417562
0.222714284270301 0.46133612051519 0.3159495952145
0.277716948915355 0.27230601369187 0.449977037392775
0.378847882079791 0.47685047084438 0.144301647075826
0.245897962099398 0.46990620213696 0.284195835763636
0.47055513558089 0.248516144930968 0.280928719488155
0.333499074594923 0.22602993306308 0.440470992342
0.47394325580927 0.266641727140987 0.259415017049758
0.383330657887655 0.199701571688617 0.416967770423719
0.476736283616912 0.439091500194463 0.0841722161886227
0.476488365251168 0.402321878065364 0.121189756683462
0.477384567463716 0.348182901048309 0.174432531487975
0.193617918869405 0.412726910445934 0.393655170684655
0.476472197291058 0.404043384032805 0.119484418676141
0.475260525145106 0.277436365131527 0.247303109723365
0.319024801701473 0.236442783431833 0.444532414866692
0.465363815665844 0.231626556085494 0.303009628248665
0.468845969682612 0.241998922237335 0.289155108080056
0.30503894387455 0.247557448525404 0.447403607600055
0.28819118919495 0.47619428188086 0.235614528924194
0.290300039469878 0.260393775128188 0.449306185401924
0.381997549254744 0.476791747072579 0.141210703672686
0.476564019120585 0.395936771528775 0.127499209350636
0.471528881585663 0.252847579224141 0.275623539190192
0.331345802085214 0.477499943758873 0.191154254155913
0.477373731151199 0.316197307551185 0.206428961297613
0.390223561885216 0.197478535063552 0.412297903051232
0.409049542925029 0.476437060565498 0.114513396509465
0.448696597281123 0.205841957627043 0.345461445091837
0.19381987985627 0.409226563208168 0.396953556935568
0.313254808847773 0.477315279587288 0.209429911564931
0.197701391354878 0.436169340708661 0.366129267936465
0.254031539704176 0.471775021554872 0.274193438740952
0.219534793396499 0.459578231328167 0.320886975275338
0.353480503312795 0.477310992302075 0.169208504385128
0.274743005475942 0.474971118554329 0.25028587596973
0.314088811709711 0.477333126819145 0.208578061471148
0.476691536012553 0.296190580115167 0.227117883872273
0.436150015313364 0.476660878110544 0.0871891065760888
0.193724985468395 0.419314412820001 0.386960601711605
0.325536754084362 0.231619398215416 0.442843847700217
0.462678580426008 0.477495304455463 0.0598261151185272
0.47643710847365 0.409037670511471 0.114525221014887
0.204788946254236 0.370705211014274 0.42450584273149
0.371663725970831 0.476987960275344 0.151348313753821
0.25407567350503 0.29738694631082 0.448537380184145
0.393971282862043 0.476591656166404 0.129437060971552
0.199805970437151 0.440385806892229 0.359808222670616
0.476840876583888 0.442633632880263 0.0805254905358526
0.431119415741162 0.476556742085117 0.0923238421737249
0.449776534849075 0.20685383379397 0.343369631356959
0.366788291821217 0.477080885893391 0.156130822285389
0.239423587808948 0.315144291493513 0.445432120697541
0.444568206481382 0.476903923750498 0.0785278697681229
0.477127888744642 0.450768506011168 0.0721036052441889
0.237623882392928 0.467506003081846 0.294870114525221
0.372107956975053 0.204163707754846 0.4237283352701
0.194671528778158 0.402387422524341 0.402941048697502
0.285672111705826 0.264669408650738 0.449658479643424
0.460822623928137 0.477467069725283 0.0617103063465809
0.326549303083217 0.477488371908558 0.195962325008214
0.413201767564566 0.47642289476 0.110375337675431
0.476960849711345 0.446223335391177 0.0768158148974794
0.476218341462803 0.28852761276224 0.235254045774952
0.387161877209267 0.476699893136387 0.136138229654348
0.209332264629526 0.361310433924728 0.429357301445751
0.309775451988363 0.477229344430337 0.212995203581291
0.22696651037718 0.332129941913922 0.44090354770889
0.381368403315366 0.200409425647892 0.41822217103674
0.47729961723364 0.468672705572206 0.0540276771941549
0.394949792391576 0.196207832081833 0.408842375526588
0.44055371390947 0.476777678192591 0.0826686078979356
0.298699017426004 0.476817742446671 0.224483240127325
0.421534229652089 0.193919364097673 0.384546406250236
0.244429602604848 0.469520690237248 0.286049707157902
0.477275696309689 0.355745517798906 0.166978785891409
0.199663559048743 0.38343855168715 0.416897889264114
0.474063164161383 0.267492307958822 0.258444527879804
0.330056790417197 0.228404351254016 0.441538858328786
0.45992823369113 0.220139642167189 0.319932124141677
0.364852211978319 0.207548540718304 0.427599247303378
0.231108435404393 0.326244844853516 0.442646719742083
0.295151918646663 0.256038723096728 0.448809358256621
0.40637546922196 0.194104470820609 0.399520059957431
0.296139511556319 0.255167975380926 0.448692513062755
0.464703931905647 0.2299799263513 0.305316141743052
0.294168990793297 0.256910623873942 0.44892038533277
0.335580281391549 0.47749172877453 0.186927989833911
0.454514100648392 0.477269585961719 0.068216313389892
0.468090937981288 0.239465915645025 0.29244314637369
0.457287753932961 0.215887739047318 0.326824507019725
0.377553819373659 0.201875195002529 0.420570985623816
0.477242136703457 0.357793200567385 0.164964662729173
0.288418079313274 0.262117995649759 0.449463925036976
0.370670446598811 0.477007029318148 0.152322524083039
0.477421708439395 0.459010574676368 0.0635677168842375
0.477163180890372 0.307517016950747 0.215319802158886
0.254754894034742 0.471921467888633 0.273323638076638
0.195696951373228 0.430627045765438 0.373676002861337
0.473298480098984 0.262396371901661 0.264305147999355
0.445358770025653 0.476930788878094 0.0777104410962516
0.476516230134578 0.428599317195785 0.0948844526696324
0.477434470319578 0.343756890788747 0.178808638891673
0.195279480474112 0.429108746848902 0.375611772676989
0.259369940025305 0.291427842036527 0.449202217938172
0.339223752980501 0.477472410612544 0.183303836406955
0.454399646406758 0.211948470538344 0.333651883054899
0.411235332846965 0.193683122119561 0.395081545033473
0.383043721752305 0.476772629896596 0.140183648351092
0.477491227126243 0.327176298216948 0.195332474656814
0.474811378379668 0.273346912843103 0.251841708777213
0.39953619892735 0.476518505060754 0.123945296011898
0.456821777189282 0.215205956935262 0.327972265875453
0.275678937137934 0.475074426661253 0.249246636200817
0.327784948318432 0.230006576517802 0.442208475163779
0.308963692278477 0.244334611783822 0.446701695937698
0.4767855023754 0.298032595281404 0.225181902343201
0.375708086110839 0.202625585887035 0.421666328002119
0.206548119342594 0.366916188474324 0.426535692183085
0.194256598639936 0.424117071021563 0.381626330338509
0.47655124093841 0.396894168369957 0.126554590691629
0.456349178060545 0.214533535204973 0.329117286734482
0.476503657658101 0.427702446801653 0.0957938955402487
0.476421503022753 0.415476468502015 0.108102028475234
0.258964288375384 0.472716767046671 0.268318944577939
0.476464960764067 0.404891870149979 0.118643169085958
0.23556519136597 0.320187358245715 0.444247450388307
0.210329952336631 0.359397746445988 0.430272301217377
0.23330406655804 0.323227507440485 0.443468426001474
0.477410975506072 0.34597009145476 0.176618933039159
0.476329754933235 0.290142954004485 0.233527291062282
0.196346315804725 0.39439242014168 0.409261264053603
0.466945985356993 0.235949381927326 0.297104632715681
0.4261027020196 0.194602271831789 0.379295026148611
0.415371208386045 0.476421484050309 0.108207307563644
0.203927987601098 0.372645444182699 0.423426568216202
0.476447531231673 0.422293627000198 0.101258841768127
0.468353539872004 0.24032601318357 0.291320446944432
0.36943032341223 0.205369497105165 0.425200179482602
0.215346939046726 0.350378011957133 0.434275048996146
0.33737713810644 0.477483533464803 0.185139328428759
0.476638125107803 0.390910535107439 0.132451339784765
0.281416778305406 0.475645429755796 0.242937791938795
0.215775344381314 0.457211890732891 0.327012764885799
0.477423112890599 0.344862615654955 0.177714271454441
0.272900528472177 0.474758816226144 0.252340655301691
0.462638010179672 0.225320182468923 0.3120418073514
0.250640468228824 0.301374010054375 0.447985521716806
0.263143559185497 0.473417814862043 0.263438625952459
0.447006459885177 0.204375469735452 0.348618070379368
0.477059428737425 0.448945742079186 0.0739948291833868
0.330533883777187 0.477499620924208 0.191966495298605
0.21359519503589 0.353426016615696 0.432978788348414
0.425577814767652 0.476477664382731 0.0979445208496163
0.342038162587603 0.477450550256917 0.18051128715549
0.292992631608438 0.476510757822452 0.230496610569103
0.212464117425119 0.355448769380919 0.432087113193956
0.434583960317339 0.197045988485634 0.368370051197026
0.476622009390945 0.391943395508055 0.131434595100995
0.477336083598439 0.31423222728565 0.208431689115908
0.28238480453816 0.475731775063493 0.241883420398341
0.195250974299957 0.399229440819358 0.405519584880685
0.469457231097677 0.47720967860866 0.0533330902936626
0.212690973128593 0.454982622464252 0.332326404407158
0.477406321174871 0.31818594863332 0.204407730191803
0.408051524243072 0.476442568336796 0.115505907420125
0.477033229037714 0.369301335924166 0.153665435038123
0.197582912022034 0.389867352680215 0.412549735297755
0.311541154976422 0.477275306771505 0.211183538252072
0.204559679880931 0.447227913895438 0.348212406223631
0.391186233124196 0.197202295161269 0.411611471714532
0.475088297063026 0.27580635691593 0.249105346021039
0.236042514539903 0.466977934566211 0.296979550893888
0.462994716517169 0.226075954788275 0.310929328694555
0.301097081080583 0.250876314355221 0.448026604564186
0.476690178424032 0.4373431925534 0.085966629022571
0.222522277624204 0.338766735306958 0.438710987068836
0.473693783815008 0.264936731226638 0.261369484958343
0.392075646210841 0.476619974770974 0.131304379018195
0.477208444944897 0.359768937493803 0.163022617561299
0.310928180786657 0.242751898737946 0.4463199204754
0.45106039714127 0.477138958206327 0.0718006446524032
0.202948762574597 0.445193699373658 0.351857538051746
0.47316248494906 0.261563344086026 0.265274170964896
0.334653334750996 0.225248235999238 0.440098429249766
0.472333781288351 0.256874781654722 0.270791437056928
0.31728573450363 0.477392265463103 0.205322000033259
0.477494900992807 0.328163352381118 0.194341746626086
0.318057494952794 0.477404405083442 0.20453809996377
0.299113243105668 0.252577865182143 0.448308891712176
0.260340534558018 0.472956883835171 0.2667025816068
0.476606504378249 0.392964563818563 0.130428931803194
0.323320445362498 0.233235764863298 0.443443789774208
0.476428322332253 0.418802944235223 0.104768733432523
0.261728201042579 0.473189687384129 0.265082111573304
0.214758017756173 0.351391811998479 0.433850170245348
0.263895408474072 0.286500373706042 0.449604217819886
0.258478780494374 0.292415854731223 0.449105364774398
0.194181859127007 0.405742195986671 0.400075944886322
0.194722450219583 0.426703907358253 0.37857364242216
0.224709970749519 0.462343416258165 0.312946612992321
0.417594429318004 0.476424615666318 0.105980955015682
0.476423118698348 0.413058106267946 0.110518775033709
0.423386809194181 0.194148731117727 0.382464459688085
0.332999305015267 0.477498675867177 0.189502019117569
0.19440110441022 0.425002315440294 0.380596580149491
0.475575678779804 0.280655991081565 0.243768330138625
0.201834664954451 0.443636922429768 0.354528412615774
0.365787729894327 0.207091449820459 0.427120820285216
0.476988579584019 0.371631520945147 0.151379899470839
0.475500411960686 0.279856279783419 0.244643308255898
0.441316400493395 0.200348079482371 0.358335520024232
0.347517580096333 0.477392808524956 0.175089611378719
0.477445682527966 0.321195651781625 0.201358665690408
0.245716534450456 0.307268685578786 0.447014779970756
0.458085557184632 0.477393914041014 0.0645205287743544
0.253301719464085 0.471624248898585 0.275074031637342
0.29812092692945 0.253436892773256 0.448442180297285
0.376759862269546 0.476890121789283 0.146350015941164
0.395840882444152 0.476565322818753 0.127593794737098
0.216401941047151 0.457630863155739 0.325967195797109
0.327340006526695 0.477491921348023 0.195168072125279
0.193803243166411 0.420328517867388 0.385868238966198
0.197851498281173 0.388968815244112 0.413179686474708
0.437270829274023 0.198198796269204 0.364530374456773
0.45864196718174 0.217981670642445 0.323376362175816
0.233654735520982 0.466131957001957 0.300213307477057
0.352673208122187 0.214022623946247 0.433304167931565
0.476865126399193 0.378073239284587 0.145061634316227
0.476956083178962 0.301802987489618 0.22124092933142
0.271107351247289 0.474540493371424 0.254352155381287
0.405391746923629 0.194226524043233 0.400381729033143
0.229754251385303 0.464610839596006 0.305634909018691
0.241466549152215 0.46869186160315 0.289841589244634
0.447755565097204 0.477015665256289 0.0752287696465048
0.471794067020323 0.254124601884852 0.274081331094826
0.361973381285604 0.208992069509498 0.429034549204897
0.360350873764241 0.477198302921174 0.162450823314595
0.312906923214825 0.241178174479387 0.445914902305797
0.355865842453232 0.212234089357057 0.431900068189712
0.420602790885077 0.193827367249963 0.385569841864962
0.476760899297652 0.439971678668923 0.0832674220334248
0.316504906428942 0.477379143096943 0.206115950474117
0.196636216534869 0.433497872088889 0.36986591137624
0.476323874834614 0.47298478272053 0.0506913424448568
0.338121103153536 0.222944010454025 0.438934886392435
0.477390660707322 0.317189024298808 0.205420314993877
0.344824128028796 0.477423531868451 0.177752340102761
0.228999999926022 0.464294810283488 0.306705189790492
0.476384096666513 0.290966664962737 0.232649238370758
0.477384591993391 0.46765190548229 0.0549635025243197
0.210935625502966 0.453571761241211 0.335492613255822
0.389162623015124 0.47666632051321 0.134171056471674
0.437077269134932 0.476683497334397 0.0862392335306711
0.477473739305391 0.324201075774431 0.198325184920189
0.476577494851445 0.394962170521265 0.128460334627283
0.225396572211793 0.462674539206696 0.31192888858151
0.477471256712109 0.339392484899288 0.183136258388603
0.476929473708616 0.445320252882893 0.077750273408492
0.477142181690726 0.363485602511827 0.159372215797443
0.303365330988772 0.47701863094658 0.219616038064651
0.411093692202996 0.476428272137652 0.112478035659352
0.324975289273935 0.477479262635513 0.197545448090559
0.477493600294599 0.464677698708852 0.0578287009965488
0.476725278988049 0.385695627423198 0.137579093588757
0.477393981301344 0.458087801373796 0.0645182173248578
0.35897070836575 0.210555984257739 0.430473307376512
0.476539155000817 0.397834363470382 0.125626481528799
0.252344723869662 0.299383645627731 0.448271630502619
0.238406820185257 0.467758511305999 0.29383466850874
0.266909277593333 0.473981309495439 0.259109412911212
0.250338322771226 0.470979215500282 0.278682461728499
0.251082546466552 0.47114632352783 0.277771130005606
0.198871383622553 0.438647819692329 0.362480796685126
0.245163798624133 0.469715490769235 0.285120710606632
0.261164967386238 0.289455683904942 0.449379348708825
0.40833695366764 0.193897297938623 0.397765748393737
0.477078818007144 0.366898226346327 0.156022955646533
0.477484886620618 0.461808414391204 0.0607066989881786
0.469699514662162 0.245102984357337 0.285197500980507
0.320081771621713 0.235644629808612 0.44427359856968
0.255827008307388 0.295391516372535 0.448781475320071
0.277572855843845 0.475274530592652 0.2471526135635
0.433900683840772 0.196784570564416 0.369314745594812
0.43525970085447 0.197316877589551 0.367423421555982
0.295857125771291 0.476673746067167 0.227469128161546
0.477292266183518 0.354698307296252 0.168009426520222
0.376626123526383 0.202249087172959 0.421124789300662
0.476671957005268 0.388821245513447 0.134506797481276
0.430266670057113 0.195593115072453 0.374140214870432
0.213908634308723 0.455897904821661 0.330193460869619
0.221913469942956 0.339705466107488 0.438381063949548
0.28036358865773 0.269724148658691 0.44991226268358
0.352640802415134 0.477323539165745 0.170035658419126
0.32187190290869 0.477452967951232 0.200675129140071
0.469501986687723 0.244359936401745 0.286138076910543
0.197424076171557 0.435518903739056 0.367057020089384
0.474906306008478 0.27416917284662 0.250924521144893
0.309944759433635 0.243541640121021 0.446513600445342
0.387289365368544 0.198373296743563 0.414337337887896
0.214527681221025 0.456345085791366 0.329127232987607
0.289153909889355 0.476262294620004 0.234583795490642
0.22609453884509 0.463003433650688 0.310902027504223
0.377801369274227 0.476870288360039 0.145328342365726
0.203337692101171 0.445706490711592 0.350955817187239
0.316946117975929 0.238029675496644 0.445024206527428
0.476743329719138 0.384673217855498 0.138583452425371
0.470236320600766 0.247205612456289 0.282558066942938
0.477162555235449 0.451681253432957 0.0711561913315952
0.195049978944139 0.400258443519043 0.404691577536819
0.474402776096945 0.270023945405748 0.255573278497307
0.396768027464251 0.476552897253493 0.12667907528226
0.307982984291592 0.245132317023392 0.446884698685025
0.447580586293583 0.204858230897213 0.347561182809206
0.199489132553177 0.439816817776283 0.360694049670541
0.459507719052896 0.219414839850821 0.321077441096283
0.200456337008873 0.441496681855839 0.358046981135287
0.477420724034735 0.319187161871603 0.20339211409365
0.328133315867885 0.477494820118152 0.194371864013948
0.346095115372217 0.217902519229481 0.436002365398311
0.273816442450473 0.474865858314922 0.251317699234617
0.475712419129231 0.474110768538698 0.0501768123320703
0.232563973977609 0.324237181658035 0.443198844364353
0.475854478862485 0.283816234253564 0.240329286883941
0.477225273193547 0.358790876525351 0.163983850281107
0.415943316930222 0.193586198243567 0.390470484826217
0.248968657871879 0.303350841400495 0.447680500727621
0.476454542679573 0.423187854460001 0.100357602860422
0.386301146848861 0.198692098125031 0.415006755026109
0.286259052733441 0.476050544052466 0.237690403214085
0.463617469445801 0.477499596080864 0.0588829344733353
0.47724548979933 0.310374683152475 0.2123798270482
0.249594054297839 0.470808631839101 0.27959731386307
0.195483751237856 0.429875593845898 0.374640654916247
0.470990867576625 0.250389485701816 0.278619646721551
0.432174659876533 0.476575993165788 0.0912493469576847
0.476481214568328 0.425896846580186 0.0976219388514897
0.449240444552425 0.206343932106255 0.344415623341309
0.385119618973923 0.476735415127108 0.138144965898964
0.22830932627066 0.330192685876597 0.44149798785274
0.410276514241981 0.193741489409555 0.395981996348462
0.203503364450516 0.373626000615621 0.422870634933863
0.426710883924649 0.476490885104678 0.0967982309706738
0.476452142280461 0.40657070760668 0.116977150112854
0.445210385586092 0.20296145401634 0.351828160397568
0.469075457250088 0.242806794596381 0.288117748153534
0.476592017355788 0.433001397811843 0.0904065848323642
0.428945797327064 0.476521364853672 0.0945328378192673
0.477493192778755 0.335175334336503 0.187331472884747
0.222067495906835 0.460994478557516 0.316938025535656
0.198711305370173 0.386242327113986 0.41504636751584
0.257582673626415 0.472466052443642 0.269951273929943
0.47679696792313 0.381713800524792 0.14148923155207
0.3726657609574 0.476968693779595 0.150365545262992
0.345734082102141 0.477413632829177 0.176852285068692
0.427833681540049 0.194968762463045 0.377197555996907
0.472635770265354 0.476466609154101 0.0508976205805445
0.476541991226016 0.293516812630987 0.229941196143001
0.394908938261229 0.476578241974388 0.128512819764392
0.238646449942179 0.316146108028497 0.445207442029323
0.476458272410936 0.405734616888303 0.117807110700758
0.314909882482603 0.239606173966538 0.445483943550855
0.225658293536783 0.334046329912053 0.440295376551163
0.218915511172922 0.344445497096536 0.43663899173054
0.477484133370526 0.33726154404483 0.185254322584651
0.470850272864636 0.249774182695495 0.279375544439861
0.21037373208936 0.453095029664922 0.336531238245713
0.452769193568907 0.477203926200909 0.0700268802301828
0.404188932729364 0.476470924712061 0.119340142558573
0.300574553558584 0.476903620214031 0.222521826227375
0.388274025554839 0.198064300167079 0.413661674278085
0.195458720839517 0.39822279189049 0.406318487269998
0.240202626975819 0.314146734266454 0.445650638757724
0.39401996212964 0.196440615253793 0.409539422616568
0.193617074177725 0.417208581854992 0.389174343967283
0.207450313117745 0.365052161612265 0.42749752526999
0.287492722562087 0.262973045721236 0.449534231716688
0.443777322416726 0.476877669405116 0.0793450081781563
0.333844554531372 0.477497045208559 0.188658400260063
0.477175034483513 0.361666601692324 0.161158363824159
0.334704265109978 0.477494744342469 0.187800990547551
0.23051860610971 0.464923571621891 0.304557822268403
0.398614317612827 0.476529490505343 0.124856191881832
0.354322185571735 0.477298121329452 0.168379693098822
0.473025098959778 0.260741743414693 0.266233157625534
0.194003476809289 0.422273969788091 0.383722553402621
0.47650685508807 0.400562314468397 0.122930830443534
0.356014239400209 0.477271384514032 0.166714376085761
0.195918897798632 0.431364051104411 0.372717051096959
0.470705305962318 0.24915063259422 0.280144061443462
0.477094354591847 0.366070741548371 0.156834903859784
0.423291762697395 0.476455436814326 0.100252800488282
0.476422184628375 0.416294587240846 0.107283228130778
0.382345839867365 0.200052823168877 0.417601336963763
0.246632751829206 0.470093210541992 0.283274037628805
0.315923327072744 0.238818802050069 0.445257870877187
0.476527743334383 0.398758276946434 0.124713979719181
0.324423850309689 0.232427775047922 0.443148374642391
0.264815170432643 0.285516659545006 0.44966817002236
0.457183215945253 0.47736460082515 0.0654521832296003
0.209825445306148 0.36035926545873 0.429815289235121
0.477398108696349 0.347077470024007 0.175524421279649
0.199334949664927 0.384383835064937 0.416281215270137
0.46724528348229 0.236834116215505 0.29592060030221
0.210846247425313 0.358425408156055 0.430728344418632
0.202262322670883 0.376593681153186 0.421143996175927
0.477063459275055 0.367711495749741 0.155225044975205
0.35946787320642 0.477213658341402 0.163318468452179
0.41006360945958 0.476432274262375 0.113504116278046
0.201471189677546 0.378575651337283 0.419953158985168
0.45907881067888 0.218695136383817 0.322226052937307
0.276825841406733 0.273184760207542 0.449989398385733
0.195891691353061 0.396272807196948 0.407835501449991
0.464369540699201 0.229176825184208 0.306453634116588
0.466639668211512 0.235067347119093 0.298292984669394
0.340159436102248 0.477465784853973 0.182374779043777
0.476274560809892 0.289330664961956 0.23439477422815
0.20012821989963 0.440945421005536 0.358926359094834
0.19732219518226 0.390764471781993 0.411913333035754
0.24255023380317 0.311180276679611 0.446269489517223
0.477158518784482 0.362586172457744 0.160255308757776
0.209286867246092 0.452134682831651 0.338578449922256
0.441985965602998 0.200756766059843 0.357257268337158
0.363973518787364 0.477133247404113 0.158893233808523
0.296808161953457 0.476723841388019 0.226467996658525
0.373897127941578 0.20338719326563 0.422715678792792
0.451910103185876 0.47717126168621 0.0709186351279124
0.198128663893696 0.388066377724338 0.413804958381963
0.472197209507922 0.256158537936517 0.271644252555569
0.464031918271209 0.228386179346953 0.307581902381841
0.196388788644817 0.432799146671785 0.370812064683396
0.477475248326131 0.465655576373655 0.0568691753002116
0.439291766311243 0.199206375530049 0.361501858158705
0.461904108300148 0.223822928568049 0.314272963131802
0.324192894664091 0.477473696016209 0.198333409319693
0.42100007324922 0.476438942784382 0.102560983966396
0.475422853676528 0.279053299388171 0.245523846935309
0.364902046151426 0.477116120949965 0.157981832898614
0.278528695080205 0.475371063604854 0.246100241314936
0.473820088074877 0.265789431896783 0.260390480028349
